47.5884 -7.06879 31.3077 -0.652242 4.58803 11.854 -10.0201 -5.66012 -14.8408 -34.6728 13.796 -1.55852 5.85559 11.496 -76.6171 4.09961 45.4342 5.92972 87.2453 -3.99866 69.2696 2.59774 -11.4759 11.005 -68.3557
44.3262 21.1936 -3.97839 4.26054 65.6972 -9.08634 51.5522 50.9635 -43.2257 0.521104 7.72185 5.91443 21.0749 0.411267 -43.908 -54.0736 0.312235 22.2083 -22.914 -7.14008 -74.7313 -0 2.7264 41.8361 32.9658
-7.3965 68.5098 -27.1769 -18.1663 -8.16373 3.00885 13.3479 2.27863 -0.827448 -14.7833 11.5189 33.2818 88.8806 -46.4995 6.55892 9.62786 -24.6897 47.3042 -3.41246 -29.8799 -28.6064 -19.4463 -29.6603 6.52779 -44.1964
42.2108 -67.0571 -6.98141 9.54778 -13.0534 30.1126 -19.3775 49.786 34.5054 13.4331 17.2454 -34.187 -14.7619 -53.3953 -15.6605 -8.87204 1.63811 49.3454 0.728629 4.44337 -60.3857 10.8731 -4.11328 4.67025 -47.4633
-39.0428 -0.0278024 -14.8739 -36.9241 53.0583 16.072 -22.4895 -12.3735 14.7834 -2.74178 4.89761 3.15864 -1.39714 17.8863 -13.1901 4.17698 0 44.12 -45.5832 -32.4915 -2.99594 80.2144 12.4412 2.29829 37.1316
2.03693 0 15.1942 -4.62264 26.1688 -20.4093 86.6597 -29.7269 -26.2915 45.5375 22.3582 -19.9128 1.25254 -89.0753 11.8383 -1.6726 15.6235 -37.6809 7.18876 2.36665 46.3542 44.4872 7.44627 -13.2075 4.5287
-43.1209 -28.1945 -48.7693 25.3172 -7.90124 -42.8656 83.7024 36.6419 -15.9953 18.9824 21.0297 1.56011 36.0732 -9.61974 18.4543 7.61229 -6.04871 9.48418 35.5828 -20.5497 -4.25605 -4.50893 -0.934507 1.73608 62.4238
-15.9744 -22.5724 26.6199 -9.69024 38.9043 -82.2978 5.81573 0.763665 -16.9293 -1.15006 57.1304 4.21705 -17.7334 40.6008 -2.13416 -43.6097 -57.4012 -48.2854 -39.9263 1.96213 -2.74346 32.7827 -40.3073 9.16013 33.4916
23.7632 13.5766 -5.40446 10.3429 12.8485 32.8416 -9.4749 -54.6472 40.286 -23.6426 -10.1206 1.1301 -34.4901 16.0804 11.0907 8.27158 8.20963 -18.0731 -17.9361 86.4038 18.7097 68.7542 44.3254 -22.8337 -0.27546
5.99701 -56.3583 0.0267342 -31.3808 -31.1241 -1.08866 -50.4274 27.105 22.3786 28.9635 -44.4719 5.49773 25.9052 22.7988 -24.4119 3.91827 3.58705 -1.76019 27.5674 55.804 -13.7701 -3.66051 1.22166 -55.5479 3.03568
-0.269662 31.5553 15.8297 -72.7366 33.9598 48.6755 26.5765 -10.5062 -7.24473 -0.145024 16.1977 -31.785 -16.6125 -90.0833 0.325938 8.89425 42.054 29.9979 33.4324 54.8657 24.1684 60.2561 40.1149 64.1981 -1.34587
4.35209 -6.87252 -20.2997 11.7364 -5.76302 -15.6667 -0 -13.0316 -25.3943 6.15253 33.7917 15.921 -13.9244 -18.6569 -10.7677 -24.8948 37.9648 87.3078 6.29865 4.35072 18.1426 96.4298 -10.799 -53.2381 -1.91369
19.2267 -5.7788 -24.405 3.23817 20.6448 11.288 -0 31.2322 -41.5403 -8.34437 19.8085 -7.60115 14.7228 -3.47063 -3.91321 -17.3521 69.8078 60.4332 -0.803613 8.82366 -8.03601 -42.4909 1.07907 0.636769 7.62795
-35.2091 62.6196 44.875 -13.3169 17.3127 11.8574 -0.241066 19.3865 9.76751 -6.28794 37.3112 -45.1015 22.9438 -83.3915 -4.56923 10.7623 26.6391 -54.069 30.9851 75.7778 -20.0136 -20.1165 -0.201941 -35.2912 -37.0998
22.3512 17.6634 28.1083 17.6855 23.5379 -53.5228 29.2978 -29.8544 15.856 -23.6961 25.7306 -24.9079 -47.2456 17.4391 82.3151 -40.6186 -7.74514 12.1226 23.4275 -29.7592 -33.4944 -6.59432 1.16559 -21.8616 -54.3263
0.229804 37.191 8.34324 -8.20209 -42.5372 14.2464 32.4332 43.7197 -22.1975 -0.369945 -0.858333 -70.3157 1.78167 14.5761 37.1297 35.5856 50.0684 6.704 -0.681631 -25.8526 24.3345 -13.3872 86.8325 19.8045 39.6633
-0.646504 2.14963 3.41548 30.7498 18.4072 -10.8387 51.9159 -2.46644 -7.20597 -73.6877 -0.017365 -66.998 -5.46614 54.2628 18.8795 13.601 4.8153 14.3475 -1.28324 -5.28935 0.661153 -5.04508 49.1487 8.5923 -4.49257
32.2404 19.561 -11.547 6.20423 23.4759 73.8304 43.3376 5.41643 15.154 -26.8981 10.4755 -70.8977 -6.12354 16.1386 10.5247 58.5869 -13.0845 0.900906 -44.8773 -18.4971 0.0786462 -2.94546 -10.6294 26.2743 95.2634
24.9342 42.5843 -56.2713 2.20786 -0.427564 -72.954 -67.7743 -56.6252 0.155431 -25.6532 -6.38154 -11.6047 -48.4957 5.73446 18.0632 30.9618 6.74093 -39.3704 -24.7151 29.0489 29.2002 -8.39702 -28.0819 -27.2175 -19.8253
-59.4012 -28.385 -27.2689 10.251 -22.7086 36.82 -64.4843 -28.1507 -41.2882 -63.5414 -39.4797 9.88855 9.89752 73.9259 39.5923 17.5257 40.7056 20.4005 30.7983 -4.94812 24.5593 47.9578 -29.1797 -4.80721 -1.48637
-13.3195 22.8137 -90.538 20.3446 -25.478 -40.4119 0.751579 -23.0403 -7.4865 22.4663 14.723 1.19196 65.524 -17.6071 -7.49242 37.5777 34.1056 0 -55.0272 -19.1277 51.8625 -11.6766 44.9235 28.2058 -24.7487
-23.1936 26.1602 4.923 -1.25764 57.7752 -1.66362 0.247383 6.09955 0.286813 -17.5025 -18.271 11.5797 64.6377 -2.87942 -9.69878 11.6014 24.0461 -10.2066 -35.6424 -36.0489 -0.518326 19.9467 20.2424 -7.94372 -50.6265
1.2375 37.0218 -15.4676 8.00378 3.08835 -1.18308 -55.9465 14.6657 -27.242 -18.1804 74.2341 -31.7265 29.5739 40.2302 38.665 42.6546 7.46104 3.74984 -2.31697 -3.80944 -46.3055 25.7699 31.5605 -43.3255 -57.633
44.5802 2.20814 8.19825 43.054 17.0966 12.048 -3.35533 -5.28764 -47.4208 -45.8721 28.7272 -74.0471 -28.7339 3.64245 -26.7857 -0.317148 -0.127934 -22.3696 -4.5482 10.5604 -1.11972 1.98502 15.9325 18.9885 -21.1788
