0.00  1.0000
0.23  1.2978
0.35  1.4973
0.46  1.6665
0.55  1.8076
0.64  1.9208
0.92  2.1252
1.17  2.0066
1.27  1.8847
1.39  1.6869
1.71  1.0638
1.98  0.6539
2.18  0.5418
2.50  0.7329
2.81  1.2099
2.92  1.3790
3.21  1.7302
3.50  1.8202
3.69  1.7556
3.91  1.6122
4.01  1.5384
4.22  1.4176
4.39  1.3594
4.48  1.3433
4.57  1.3356
4.85  1.3310
5.03  1.3085
5.23  1.2364
5.42  1.1259
5.69  0.9370
5.86  0.8598
5.97  0.8435
6.08  0.8621
6.20  0.9268
6.33  1.0458
6.41  1.1449
6.62  1.4718
6.93  1.9381
7.25  2.1240
7.52  1.9278
7.71  1.6238
7.85  1.3439
7.98  1.0835
8.19  0.7372
