66.846 92.99
7.9662 -7.4115
-5.3618 85.6963
5.6199 19.0242
67.6195 74.3985
84.3249 77.2701
26.8548 39.4905
24.271 34.1506
34.4763 20.9814
63.745 69.1825
7.8275 47.966
99.8368 43.8803
33.4261 41.5836
31.4052 62.7709
70.0316 21.5277
88.2558 15.8511
65.3532 44.701
94.961 97.0044
74.7804 31.7374
5.6063 61.2427
48.6667 75.4285
2.1851 14.846
122.69 14.9
-5.36 122.14
121.27 72.46
3.57 19.6
-12.96 -22.94
-19.77 -5.66
-23.47 122.92
15.03 65.5
130.65 23.04
72.5 61.66
97.76 115.39
-2.07 13.29
84.17 2
138.73 35.32
59.27 25.15
25.32 105.92
80.67 140.97
100.17 140.61
67.48 60.4
116.87 64.37
68.35 103.84
15.63 -9.88
