-56.5582 -1.88421 -55.623 -3.68365 0.236579 58.4747 -71.7003 -7.04108 -3.20316 1.22196 27.3364 -7.08213 35.1694 3.89288 39.9335 -6.34916 -10.5565 -82.7254 -13.8364 87.1078 26.2375 0 46.606 -28.0516 26.0574 -25.9553 5.58086 58.0403 27.7984 -3.59432 12.5112 -0.779138 27.4493 5.95166 3.3806 39.2429 46.7299 12.5613 -29.1176 -40.6039 4.63369 15.0924 -32.1126 6.57659 -37.6843 -29.7728 65.6284 3.9541 -19.9816 -71.0811 -3.87005 9.98614 11.5228 -28.6124 -32.3328 -32.9641 -26.1635 -46.6249 73.8917 -56.5665 -16.3633 3.11438 1.992 -17.1209 26.8871 -30.104 -2.02264 -2.99313 -8.16446 54.1099 48.0821
-24.6953 17.9659 -25.5539 37.8661 0.588702 -24.4661 -29.7065 7.38356 13.2573 45.3315 -0 5.62175 -26.5218 75.3175 0.457259 41.0906 0.978362 13.7609 -0.297311 -68.2444 -1.95105 7.77456 38.3806 6.96213 -2.79022 -14.3175 7.87115 -26.6297 11.2723 -15.3662 -30.8902 0.209418 5.46422 0 -13.9924 -50.5821 -80.3546 16.1554 -4.4474 -28.225 -48.1265 -75.2384 4.95206 -71.8962 -0.474715 33.426 23.8749 -34.7439 36.4277 -13.6179 10.1155 -0 5.01404 -6.40645 -46.2535 17.9758 -30.2838 8.96603 16.8132 -15.0916 51.7528 10.8386 15.6567 5.09555 25.5791 11.8431 51.2107 -40.6922 0.335917 41.824 47.4462
33.1521 -90.1224 -9.69756 -13.834 30.2326 2.15192 54.2155 -39.7016 2.33659 4.12824 15.4776 2.12098 -52.5559 -36.2929 8.39137 9.98926 -26.977 25.7256 -21.3749 6.12439 63.4725 51.3651 30.4531 12.491 7.28782 -13.0068 9.62664 7.65606 -8.56471 -9.44951 -11.7944 -30.0114 -17.021 -30.9502 48.7124 38.4475 26.5251 -5.89688 56.2415 -4.55367 -5.8244 54.3159 -15.0089 3.65001 -56.7149 32.7712 -1.2103 77.8637 3.21876 -1.1623 4.72198 4.67992 20.9872 15.0133 -36.6681 -11.0758 -9.41145 -11.3547 -10.6131 3.58995 -38.6317 71.9039 -64.8152 63.6787 0 15.0141 -21.2574 -9.53001 -39.447 41.9504 1.74615
-12.7639 35.1343 6.86914 35.6545 1.82937 3.01675 -5.41313 0 -80.1624 44.7891 28.0547 3.193 -4.1626 -5.50029 31.9247 -9.66369 -5.31724 -25.641 21.7445 -45.6264 -0.170904 61.8383 -56.2235 16.2005 -6.68435 2.11859 60.93 3.68163 -5.59413 6.69063 -89.2422 8.80526 6.54543 13.9734 -19.4854 -8.0564 -13.6766 -34.3736 -18.6959 5.13883 20.8199 7.49748 -8.72408 12.092 42.1036 -4.59774 12.154 14.4227 -39.9274 -12.6519 -38.2262 -83.4607 -48.9563 3.93872 -8.30607 80.6232 -35.878 -19.5827 -52.724 -7.48589 -62.9343 -55.4151 45.2754 -29.5668 27.7288 -2.17072 -23.9564 -0.215125 9.26408 -6.55049 -71.7478
5.84051 14.7642 13.9691 10.1297 -11.2357 -22.4979 24.765 -35.0987 60.561 2.24049 92.6952 -38.4599 -79.015 -22.6729 3.20536 -0 -19.214 -32.5853 17.2521 4.60863 16.106 44.5883 -1.1558 51.9153 2.68618 7.60692 55.3718 -34.226 2.85488 -67.5885 -15.228 5.98749 5.69304 -6.64623 38.6442 -10.1117 3.98846 -31.419 -40.6538 -3.42259 21.2526 28.5155 15.9705 64.5647 23.161 16.5907 32.1061 -73.605 10.8419 36.1361 36.2989 -5.52098 7.39036 34.5581 -2.6017 13.5264 -10.283 -12.5481 -82.7068 -20.4159 3.82122 -12.9176 7.19828 -21.3918 -28.3571 -20.0762 -39.0198 11.3179 -0.117252 -14.8357 2.14716
0.471694 33.5736 22.6941 15.2792 0.4944 0.443587 26.4528 -6.29023 -5.92438 -24.116 26.2626 18.0059 24.6145 -4.45479 5.49413 1.76043 4.03247 -0.523515 -4.53505 37.7018 -1.55473 -63.3381 -32.2474 -13.9827 -26.4998 -74.4409 -20.5789 -57.6075 -4.55763 3.60949 -34.2273 32.8445 -3.64943 32.1936 -6.98263 26.7439 18.4906 -7.94571 2.00519 28.9575 -4.75967 63.542 10.1518 -24.2508 24.1615 7.03256 -3.36952 -8.8873 17.3154 46.0106 -2.6961 1.85427 25.2041 -0 -2.72909 2.60121 -15.3192 37.5741 -71.8794 -12.4576 4.43275 60.8749 60.8778 10.2118 27.3737 9.93927 -22.5347 -0 50.1246 4.0669 35.8638
18.969 16.3668 -22.8408 -18.7468 -16.7133 -8.51631 -0.926206 -3.13312 51.0377 27.7056 36.8005 34.7041 61.6694 0.197729 25.6088 -42.8957 18.2571 63.5114 30.9727 -9.75475 18.7604 -22.6291 -40.8512 -58.2567 -26.0539 26.7943 0.0495621 -7.20359 -4.91806 9.10465 39.2488 -11.9255 8.55513 -73.6802 8.8287 -1.6325 -3.41685 -12.9991 -0.715049 -1.80731 24.217 -22.9208 -8.59117 9.6353 2.92428 15.9856 17.7281 0.936277 45.686 -55.6101 -7.07724 -42.8626 -15.4094 70.8722 81.8406 0.752953 36.4269 11.4585 20.2643 -39.6187 -37.5317 -10.4233 -35.1457 0.604938 19.1229 6.61873 19.9457 2.24189 -37.7296 -24.4794 34.9952
-37.9707 -29.3124 -5.91888 0.227058 24.9633 3.72753 5.01798 20.9442 -4.95911 -25.5529 37.5299 4.72839 27.8891 -61.4111 14.0014 35.2094 -10.1544 19.0435 -3.92694 3.46379 11.7797 10.2092 -16.538 61.3693 -17.2784 -24.7984 -36.9884 1.30369 -5.17252 -0.13715 6.37471 2.69778 28.9801 -40.0461 0 -63.2899 -55.7353 -31.7244 24.2865 28.6388 -70.8753 26.4241 -27.5736 -0.405316 6.09394 -17.731 5.33183 -13.1566 -73.417 7.3184 -21.6394 -54.4826 -2.13843 -37.0083 -6.74728 -5.27635 -31.9404 -46.7067 6.34639 0 -44.0697 50.3304 -1.01535 14.2437 -16.8105 -36.5017 -14.322 -74.8269 -3.63469 -80.8388 -34.564
-33.0888 -24.0872 0.54384 5.38456 -27.6017 25.89 53.4398 18.4321 -34.2257 -3.94763 -4.50032 3.26981 -53.233 21.3897 -8.08768 -13.3969 -6.876 -16.0466 -8.61583 -7.54601 -21.5006 -51.0005 -11.6898 -1.67376 -74.9019 65.2731 51.3022 -1.00177 -23.1826 17.1587 -2.71395 -27.3182 -3.33824 -23.4306 89.0779 11.1194 -34.5759 -19.2728 46.2828 2.35774 -54.2602 8.87887 -69.9329 30.5959 32.8699 44.5116 11.1606 -38.0641 5.17469 -25.1368 -5.73943 -54.9375 -14.451 -65.2476 -5.71352 -32.822 -1.08176 -19.1772 -9.70391 17.6956 -47.3822 -9.605 8.54396 -4.89224 -33.4996 -41.9485 -42.5947 1.97882 -2.4369 11.8137 70.3784
-32.4693 -47.4926 46.9963 -45.1229 -53.3944 56.9724 0.339854 -19.9767 11.2101 -62.4552 37.8069 0.572832 -9.80422 21.9172 -42.0238 -5.78948 12.3142 -8.219 -2.17133 -0.907743 0.71102 5.66741 -13.6161 -54.2252 -10.612 -56.6063 6.5804 -1.04434 28.8293 0.892117 -33.4662 -15.1875 -3.85327 0.93939 -7.55004 -8.67092 -17.9273 -24.6129 25.9978 1.78423 34.8814 -10.3444 18.5006 -16.2222 -93.1398 66.2585 -52.3136 -30.4285 -42.1894 -0.852565 -32.0275 15.5121 20.0345 -1.10892 -6.6317 -0 -27.8671 13.2636 -2.27131 -93.4578 92.8455 -61.1453 18.8707 42.2086 24.2539 34.9702 -0 -18.8114 3.13224 -27.8627 -39.6953
53.4429 -39.6261 16.9579 19.8227 67.1007 -4.23597 -0.694266 -29.592 -15.6082 -14.3858 -2.52388 38.7667 0.608844 17.9665 -10.1894 -9.98517 -48.3912 42.703 1.6433 1.80688 -11.9177 12.0801 -7.29368 -15.6289 11.0413 55.4243 56.0865 58.5051 86.35 -2.41322 5.36479 20.8594 -54.4957 13.0448 -19.4494 -45.038 -18.3543 1.4951 -46.5371 -2.77779 10.4456 16.5838 -7.27564 -11.399 6.87109 58.0822 -9.12543 -56.9617 1.65294 15.49 42.1407 37.0572 -38.8361 -3.10489 -7.37407 10.5952 26.3644 24.5869 36.0313 12.0167 -48.1991 -10.2008 6.09033 -15.3833 1.356 -62.2724 17.1383 -5.77996 -27.4874 89.4473 19.1816
-19.0398 12.0179 14.4653 -3.98022 3.69811 34.7426 15.7498 -26.1134 -41.0394 36.2911 -69.0511 68.6112 19.8307 11.5041 64.2542 -11.4536 -21.8639 -1.7738 -30.4807 25.3711 -78.291 51.6339 35.2045 -22.33 -26.2274 1.55565 5.34251 40.9153 -53.4419 15.1376 -7.83721 -1.30284 -0.729972 19.9764 -0.897 -0.605121 -31.7557 -14.7164 -5.85858 6.58663 -14.5888 55.0527 -0.416883 -88.0966 12.2521 -58.1068 52.7525 34.9835 3.58388 -25.084 -1.54698 -49.1211 -40.0969 21.1588 9.7644 12.0115 33.0865 20.1342 17.0745 -1.32252 17.3627 -12.2212 4.44728 27.0597 -25.9734 -18.5516 0.547044 -26.7383 -26.4238 20.6112 14.6123
18.2619 -24.6933 -12.6535 -5.17655 -25.0523 -65.9275 6.09394 -89.7633 27.7078 -14.6504 -9.89889 71.3269 -40.4664 27.1828 -11.9875 7.72231 -6.73757 -42.0475 -16.8118 -30.8296 8.89233 30.8498 -8.61812 -42.3809 31.5889 24.5465 26.4266 38.1506 -0.842128 -10.6151 7.53731 -26.2503 -38.5218 -40.0222 30.2595 9.93866 24.9731 17.2963 1.08173 -22.2723 -15.2057 75.3377 -2.23466 8.1933 -1.7336 -66.893 51.3945 31.2299 0.707663 -53.7956 -5.20768 9.54741 25.7326 -15.1359 -65.7957 -5.58589 6.44221 -23.7151 62.7645 -20.1284 -11.6291 0.681417 10.1267 4.1128 -5.32853 -37.7123 19.0276 3.90002 44.3953 -9.82153 -10.0403
26.4586 -64.9122 37.1596 -10.0919 52.2301 -7.51677 -89.6407 -42.116 9.40172 -18.057 37.3329 -28.5885 -80.5726 14.8905 -12.6454 0.992431 9.77728 30.054 -40.1601 -20.0231 -18.8943 83.7057 10.406 78.2397 -49.8022 3.65368 -19.513 31.9834 -52.1835 -25.3841 68.2485 7.2902 11.4714 54.3262 16.137 1.18137 -45.1347 1.40324 -69.1536 -65.5025 -28.1809 4.20862 8.47853 21.2683 9.89679 -2.79473 15.65 -4.02551 6.80789 0.365368 17.2332 64.0114 5.00925 8.06558 -1.79376 -14.0446 -2.19825 0.715537 29.0255 -52.9871 -32.7382 30.3691 16.0345 -52.0219 61.3983 28.4653 -12.3328 -2.37001 -35.2267 51.4117 -13.7212
-36.7176 -18.1144 -15.436 2.34858 -38.4209 9.60588 -60.8774 20.4752 -38.3609 5.42384 -64.3077 2.764 -37.2346 -7.45598 -9.3787 -55.3147 -2.39741 -0.120853 -31.325 -9.88119 16.3478 -5.45466 28.4785 24.9661 -26.8707 56.3958 -63.9805 -35.6311 -37.2775 13.2293 -41.0293 46.0286 -21.4147 1.00375 26.1879 38.522 -0.729911 -46.8601 -57.2374 -2.38923 -49.5455 8.82983 17.3584 24.0925 17.3142 30.6151 -6.26569 9.20573 5.27747 -12.1585 -18.0589 -26.7905 32.8494 12.4187 -6.85421 -0.651387 -6.79464 13.0442 -76.3872 25.2792 -68.34 9.08716 -20.1462 2.40898 46.8647 -7.70312 6.19764 3.7055 -28.6505 56.8644 -11.9919
-10.8414 -11.6924 3.08863 -48.5502 -30.745 0.583483 -4.22108 79.6214 3.39213 -57.2681 -1.43196 -43.2696 13.3543 -23.9528 53.4601 3.8923 11.478 23.2258 73.2307 -47.2059 -17.992 -0.993286 -10.585 0.963897 -71.7616 28.2808 35.2523 -38.492 38.8122 79.1472 -18.1416 59.9534 1.71642 5.50972 -17.9418 -1.44685 1.33818 19.3903 -66.1397 -40.1165 -4.06232 -53.6058 -7.29917 -14.8359 -7.33946 1.55489 -13.0735 -4.84237 -37.7805 -0.32548 -23.5176 -34.9958 -13.6584 -25.5388 2.91156 -17.1939 -24.1813 24.2146 13.0482 -3.29655 -51.2857 -31.8721 43.2754 43.737 47.7242 -40.8528 26.0549 70.1179 -51.2965 -32.2749 -14.3046
-18.8545 -9.02481 2.71523 -3.36485 64.0501 60.623 55.9142 -4.42872 35.1131 0.444349 18.9932 10.2713 -55.0519 0.608234 -29.8958 30.9035 -42.8734 -21.5296 24.4353 -50.1592 0 3.58074 -15.1899 19.8177 22.2817 -38.9369 -13.7635 2.08209 70.6296 10.6026 16.8339 -21.0834 62.8086 41.2883 37.5118 59.8404 -8.89114 20.6189 12.3743 -79.783 -16.544 11.9531 25.6417 -32.3631 -39.7281 -2.81158 0.301218 -0.952422 13.8892 -19.5691 -13.5347 -1.43712 14.9402 -37.2887 44.9907 -25.428 -28.6655 -7.86859 -7.12 -1.40318 -6.22645 -38.2919 -13.2726 -30.0983 -5.35289 -4.24717 2.94882 -34.9491 41.7887 57.8993 -7.23777
-18.9975 6.73116 35.3104 3.16565 3.26011 -0.415296 -19.7272 -27.3894 -7.87652 -75.0892 -10.5471 13.1071 -0 -51.8186 3.82824 -56.2242 -48.7354 -16.7058 -1.6773 17.6385 -0.568743 -22.526 -1.09745 0.14716 45.3627 62.9052 -35.0101 -26.5716 53.9143 -5.39879 39.115 -22.3762 -4.94894 -11.6343 19.9009 -20.2146 -20.7584 -4.24964 57.1744 -25.3351 -2.88949 7.1059 60.7749 14.085 -64.1677 -84.0538 -26.1194 -1.31263 -3.54714 -3.41044 47.2202 -4.58464 26.198 8.17606 -69.3489 10.6311 26.5614 -1.87603 -32.1321 -14.5518 -25.6526 -54.9938 -0.703513 36.0185 77.4917 -56.8733 -10.4676 -9.80761 -9.20756 -1.87597 -33.9487
-25.5542 -14.7909 -7.75689 -0.128819 77.7223 -59.84 1.15079 -30.6138 -25.4396 -14.9079 -4.53456 -76.3185 13.1297 3.27989 -42.6905 15.3742 -13.4229 -51.0523 27.965 -8.33308 -36.0967 -27.5685 49.2978 -36.9359 -13.1535 14.9771 9.65456 24.6795 1.8952 6.87204 0.720725 -41.274 -0.294809 -8.48857 2.24042 10.9006 -29.5859 12.3374 15.9541 41.373 7.4355 -8.71816 36.5153 16.0389 17.1548 2.352 35.5098 -1.21085 0.128147 -21.4723 -5.24335 -5.14753 -8.17682 32.6447 -47.8596 -10.79 76.2654 5.57317 -44.0237 -23.9745 36.0884 13.01 31.2888 18.2425 -36.9772 43.8758 -13.5932 18.5591 47.3851 -49.1236 2.21747
39.5633 -20.848 0.168279 0.948515 -1.51222 4.0614 26.7509 31.272 2.43248 52.0081 -4.27894 3.44197 15.5893 -0.560717 1.50725 1.27485 11.8886 23.5632 -37.0667 -7.96973 -10.1514 -50.9421 13.7168 -54.523 -52.9387 28.376 9.80358 -81.5095 -0.834437 -91.1102 -16.057 61.531 6.88058 -15.3735 0.431318 1.00491 -30.2975 -47.7689 36.7031 1.93548 -35.7096 9.95611 29.0224 -28.3291 -30.1169 -16.9408 51.9663 15.1958 25.9771 12.5514 41.2317 42.5723 -9.78414 39.4641 -16.536 56.699 -5.88501 44.2994 66.3787 9.11893 44.7739 -10.4826 -63.9167 35.8449 0.958281 3.89074 38.3363 -25.3737 -11.4621 53.683 14.7785
41.5475 7.25037 -47.9856 -29.2542 -26.3969 82.4465 -30.9275 4.88516 -57.0597 52.8777 -23.5197 -26.5804 0.153569 -10.0921 -41.5655 -29.3458 -20.1232 13.5823 49.5489 32.1512 -33.322 24.5059 -29.4217 18.5913 72.1022 -19.3023 -21.48 9.81384 15.9438 -28.1383 11.035 -25.6248 68.9639 -52.1152 -7.1276 -1.24332 89.0368 9.54988 8.08899 31.0721 -42.8286 -13.9947 30.998 29.3949 -70.5146 -13.7958 -24.9165 3.07529 34.305 23.9547 -4.33753 50.3311 -5.5783 -33.1385 12.9453 -4.72951 63.8921 8.44655 19.6422 18.2509 37.1997 5.05301 14.7954 -16.8858 1.44456 -12.764 -33.4324 -53.1425 34.3169 62.6543 25.3732
-85.8032 7.5222 -18.666 45.045 -5.96942 -5.39116 22.864 62.7531 -0.165838 -17.1073 9.50969 11.2709 -43.5532 47.948 50.2941 -13.7662 -23.5981 15.6532 -5.24995 -18.9043 -53.5768 -11.0092 -49.1821 -38.3045 56.8141 3.63842 -40.5316 -27.3222 14.6662 -9.15195 48.9411 14.6414 1.68609 58.6097 0.834254 -0.646138 14.044 -19.6256 -39.2045 30.5605 26.349 -52.6227 -45.4637 70.8949 -0.359661 8.77993 1.4713 -31.3274 -85.9423 8.84683 -1.81158 -6.54805 -68.2085 6.7557 9.54674 85.1156 -69.2542 -5.7973 -11.1559 -0.326548 -52.4828 -60.5625 -12.9037 -27.5919 -0.329234 5.42329 -26.8588 18.4675 -6.42042 -6.55629 -10.0504
0.482406 -67.1001 8.73305 23.3218 19.7123 10.1419 -29.953 84.1084 -46.3337 -28.7877 -45.6362 -5.61971 -4.56313 -72.6703 -2.3853 9.34706 -62.4918 -93.2315 6.97598 -15.016 12.2741 -31.0459 17.375 14.4681 -43.5237 8.96298 10.0805 -10.9204 -32.2481 27.3711 -27.5014 -2.8384 -18.3855 20.6066 67.7281 -71.0269 -36.5973 -26.2308 -12.9276 31.4497 -19.2907 -61.7822 -7.92047 84.0177 -20.5815 -18.3054 23.2038 25.7525 -34.514 1.80578 -41.2215 -41.9029 -16.6557 14.9643 37.3612 -15.3156 2.95956 -46.4425 -48.6452 -51.772 -33.1699 58.5873 -0.702963 -42.2473 -8.15104 9.50029 0.842494 -8.73107 -5.26026 0.50737 14.8954
10.6363 6.73629 -4.7351 6.90109 26.0532 -15.4028 -25.5894 -25.7765 3.14588 -29.727 24.8484 -34.0146 10.8841 -57.5701 1.0972 81.8524 -12.9267 6.69259 -13.0589 17.9795 2.23701 59.785 66.4858 -80.5067 -33.4124 27.1693 23.9248 24.7551 -10.014 -28.6247 -1.82501 33.3086 -4.82192 8.25776 26.6727 -14.4892 -1.4788 10.4419 21.3858 25.3807 -62.1233 8.68191 44.7722 7.4843 93.2476 -9.59209 6.77889 -29.8705 -30.2426 -45.0607 28.8629 -63.7344 46.9555 -18.3016 20.6861 -48.7376 76.6851 -45.5944 46.9448 44.9162 -4.90493 3.2692 -35.1923 30.5161 64.3574 -2.65096 -0.56856 6.42085 22.1763 7.95517 7.77306
-29.3941 28.8603 -77.5189 6.82821 43.8325 -64.3894 -13.908 0.533403 -31.4242 -0.0785546 8.9396 75.4192 13.9805 -29.486 -14.0688 0.153539 -2.43416 -48.9982 3.84863 9.38188 5.18128 37.1066 -6.5641 -39.8581 20.4854 -78.2465 32.7932 76.9941 -35.8065 18.0651 1.16663 -6.95486 6.22123 -7.20084 -29.7946 1.51885 -33.9927 25.1724 -20.4766 41.5883 -1.36637 5.35984 -16.8621 19.8958 33.739 11.9919 9.61779 -84.1487 -1.92944 30.4085 1.23768 85.0642 36.4805 71.8744 -3.81323 -44.0397 82.3183 -2.00919 55.8458 -0.580096 55.04 23.2963 5.99445 2.47783 -1.25642 29.5253 -11.6254 -85.9717 28.7168 28.3888 14.3437
-72.5917 -0.300119 5.55434 -26.4441 29.8427 28.5272 28.4376 -4.30485 -13.4343 -68.9019 21.4839 2.6357 -28.123 -18.2972 18.844 -12.6174 -5.23991 18.8373 -2.47383 -55.3092 89.1977 0.227973 3.56484 25.2664 -31.7682 2.26142 44.7898 -47.7788 -44.6166 -21.9611 -4.21961 0.693564 36.4046 -46.4522 11.6719 60.9255 -5.22446 0.749962 15.1127 20.3583 14.1938 -12.2784 36.7336 -14.9877 -0.255287 27.3362 -54.0505 22.0622 -72.284 1.41789 -0.525315 -8.76186 46.5149 -12.0011 2.12995 35.1205 19.1753 6.01337 36.8176 7.82653 5.23069 -6.36201 7.79858 4.98331 -15.6087 -30.2783 -50.9203 5.87558 -21.3474 -51.4751 40.12
2.32862 15.106 19.1472 13.6183 43.7607 60.2877 -12.9222 -6.46593 1.54747 -10.3078 90.0266 7.2573 -10.0662 -1.48009 9.27018 11.5831 6.26789 7.85876 -20.629 -47.5034 1.50884 -46.9296 19.8374 -6.13544 -29.0531 29.2583 -10.2629 -68.0258 26.9646 21.0837 -12.4172 1.76153 -17.1258 26.5749 15.1875 -66.5267 25.1531 -57.5036 -25.9714 11.1692 40.3287 -59.0284 9.65264 -41.6018 -10.8165 -2.88757 -28.7118 35.9352 -15.1646 -9.95453 -25.9109 -6.7712 -10.2712 1.02991 -3.45302 -12.9362 14.8259 -8.93509 87.3074 -9.42814 -19.6497 -20.2838 29.3298 -31.9623 10.1346 -39.976 -60.9466 50.6191 54.5692 -48.6501 66.733
-6.76229 1.74688 -37.4019 -10.8577 72.582 41.3644 -21.4787 -0.610187 27.2606 3.29801 30.5388 16.2633 0.420789 68.0723 18.2687 18.2542 -30.389 58.0311 1.67998 3.92132 -19.397 -6.49037 2.04819 42.6666 17.0309 26.5582 -36.4849 -70.4307 -11.9692 27.8282 0.582263 8.26447 -9.94531 0.947905 23.2304 -0.381695 29.464 70.3279 -32.0856 -24.8062 15.6898 53.2801 -15.0624 24.4306 59.2772 6.05261 -15.0939 -34.0757 -82.1305 -4.88961 61.1679 53.943 0.033784 52.5221 1.07767 -13.0049 11.0464 19.1009 66.0335 51.49 5.06101 -2.41121 22.8874 -23.4295 -97.5903 -7.70055 -18.975 -33.771 -68.65 -3.73388 3.4666
2.4687 13.9606 -0.732444 57.9523 -13.5074 -81.6236 -31.0062 -19.4745 8.6118 29.6016 14.2085 27.7215 -82.6695 -14.1716 -14.6556 -30.2604 -37.5375 -27.2916 -3.57665 14.9979 -1.00931 10.2889 21.1596 50.333 -45.9424 27.2692 13.1298 -11.9395 35.3226 4.82089 31.0223 -34.7673 -11.3108 67.3858 23.9966 10.9378 -48.4579 -51.4737 -6.85614 -25.4074 -0.261483 -9.5703 -32.1542 31.7369 -30.8893 17.4194 23.8248 -15.9615 9.31816 22.8547 -14.4296 6.72124 -4.42671 64.1789 58.0257 17.4162 -12.1425 24.3855 33.9458 22.3765 4.33479 51.9043 45.6504 -26.6198 3.30537 -24.3338 4.41316 -26.3395 -63.8516 45.9711 -4.17383
-16.998 -32.7507 52.4747 69.1125 0.664022 10.4276 13.7133 1.55394 -2.86044 2.38759 46.7795 -26.0909 -32.1215 13.6694 -24.5547 34.7432 23.1241 -45.9424 -30.2094 73.4606 7.62535 -21.5938 -14.6215 -4.16367 19.1229 6.26167 20.968 6.83444 14.6091 -10.6121 11.5431 -38.8074 -38.4299 7.62767 12.0641 0.341136 -9.49797 41.086 20.5846 21.3356 -0.776025 -18.3375 -2.72591 20.3004 -10.507 -11.682 1.59581 -11.6984 0.355968 25.6023 17.5317 1.11698 0.954955 1.88379 22.1623 -30.7995 6.74496 -3.1301 1.85321 -15.9839 -63.4531 -4.01868 -13.6791 50.5867 16.5454 -1.71526 20.8979 25.8172 -27.7743 -50.1225 75.8724
-23.0119 -23.8779 8.04773 -3.77813 -35.3815 4.52788 4.75796 -6.71178 0.192053 -0.0646382 -19.3173 11.4967 6.37776 -12.2195 33.4119 -22.719 -1.94922 -31.9016 37.9995 -42.6868 -31.7938 12.4463 -49.2946 -72.6406 -38.2778 1.62816 2.96881 19.8101 -11.2495 61.8901 15.5037 -45.1332 12.2795 1.15467 -1.89367 -15.7856 68.1847 11.7039 -2.28413 49.9586 -0.772332 2.0108 34.3166 71.9649 66.9382 -15.4706 -20.2126 -8.04764 -0.254219 -1.19343 -66.5472 -2.01389 -73.0426 2.64696 -38.1981 3.80535 -7.51247 -2.42 1.96661 -4.05499 31.3363 -16.9962 -36.4208 44.4816 19.2468 17.9071 32.3769 74.3734 -44.9142 4.88281 2.23991
24.9929 -3.65221 -40.1896 -33.6765 61.6789 -12.0692 16.9887 8.80447 -2.63872 6.03159 0.239631 -4.59316 -19.4958 -22.6303 -32.7528 -18.6654 8.51698 -12.4173 50.8532 -25.5605 -5.30381 -13.8072 4.1525 39.1874 -17.9052 64.8391 -8.19248 -20.6717 -50.8193 40.3609 1.58483 -0.142827 0.558855 60.477 17.324 4.12806 9.26591 -63.0297 28.8876 -6.35975 19.2112 -42.035 38.8938 -46.267 30.774 10.557 -43.6935 -5.97186 14.9226 56.4487 44.8166 32.8567 -1.12497 13.3693 -2.01559 1.11881 16.914 32.9417 21.6137 68.616 65.0333 -0.079104 0.572039 48.4301 20.5679 -14.1087 -0.935698 -10.6494 15.4606 3.08701 -7.57518
9.38896 59.2264 -16.3188 78.4307 -34.2743 -70.0994 9.45622 -6.3188 -35.0201 -8.8713 -21.2922 -28.8266 -8.64528 25.5745 3.71899 -40.5224 -27.022 18.1813 -22.8665 3.36238 7.38908 64.436 -73.7802 -30.7046 0.734886 -80.3383 53.7676 -8.88519 18.4599 12.7883 60.6952 12.5948 -0.934599 -0 -10.7953 -6.24805 0.0105899 11.5294 4.0459 -31.4068 -13.3337 8.39738 16.8938 -3.08005 -24.2275 16.5284 -48.5816 13.9008 -0.257759 3.03888 -33.6556 -69.9761 3.91702 5.65264 60.5872 11.6053 -1.61248 11.1633 30.0758 1.10508 -11.5225 53.7291 0.800592 2.73934 26.1473 28.3775 -65.8293 -14.3657 9.72991 -25.3517 -26.1931
-40.2421 16.2196 -14.6781 72.0484 0.219398 49.7168 31.9803 21.2245 -12.7473 68.9778 -15.5114 17.2973 -70.2918 68.8412 8.97757 -34.8382 -15.2904 68.276 -47.2066 51.6118 22.9198 -75.4352 -46.4377 48.1826 -15.5809 -38.0523 2.22858 12.6272 7.11826 -24.183 55.2029 -0.0498062 9.62142 1.19834 7.51903 -1.57875 32.6901 -5.8797 -34.4483 14.6933 2.8489 -3.75433 38.1994 -11.1995 27.0711 -31.9046 -0 0.0188604 5.32438 12.0081 -26.9352 45.7408 2.70775 0.488113 8.25773 -1.7199 -7.14911 15.2541 37.8318 26.4991 -21.821 33.639 -37.2063 -64.1849 10.7675 -32.2268 3.33006 -28.607 -1.94528 29.0451 -38.8667
3.09586 -5.59783 53.3037 -21.6371 -4.996 0.568072 -4.94278 -31.2447 -4.23283 -16.7806 -29.2096 -66.8657 -30.5993 -1.78545 1.48454 15.999 -46.392 6.06452 -2.61299 69.5961 38.0016 12.3216 -25.7955 0.143193 -3.65429 3.4297 -3.03989 18.9096 -5.78722 -1.70498 5.34172 12.0359 -2.00851 -0.373913 -20.5566 0.18189 19.1566 0.744499 24.8707 -58.3537 -11.798 26.6279 -59.4393 -9.7188 -57.207 -16.5059 -5.03336 -1.56499 -50.9749 -35.9987 -16.1363 -7.13218 19.4488 -53.8734 60.1794 -7.95032 51.9568 0.42262 13.7913 73.7743 52.3614 25.6034 38.6785 -24.2206 -22.098 9.47874 -37.528 13.9551 6.58635 -40.358 58.1452
-2.1305 -0.926298 -0.971862 -66.5874 -8.46431 -39.9663 23.3109 -56.4694 28.1794 8.19077 43.298 1.6545 17.9163 -49.8347 -39.7915 -86.3699 71.9178 0 27.4946 47.5168 -0.93112 24.4104 19.7181 -5.12711 -12.4149 -25.4341 -43.0296 92.4132 15.7488 43.0626 -77.7494 -6.46675 1.75268 -0.422926 4.37153 0.141118 7.52513 -32.3645 24.4629 46.2046 -17.0008 -14.5017 -3.65807 4.16523 -32.4832 11.4961 20.5622 23.3247 -6.23823 1.57704 -10.358 -2.07834 7.71117 -59.2376 -1.79168 0.962554 -15.4621 -14.6723 23.4066 2.92428 19.1241 14.7034 11.3095 -19.2611 -4.14801 -23.4368 -13.5791 13.2444 -5.33952 4.66955 -2.24506
10.1184 -18.4164 -6.94028 -41.5896 -15.2214 8.13892 43.1619 9.50414 61.0409 -21.92 -11.7725 -7.24281 5.59282 -8.46312 2.1485 53.413 -1.86773 7.30613 -5.77624 -16.3313 -60.6886 -25.3395 -46.81 -19.4382 -89.8423 24.7971 20.9917 90.0597 20.1436 -3.70885 -10.2478 -32.293 12.6581 -4.40876 -16.3683 -15.7436 -26.9358 24.7777 26.1385 25.9699 -10.0581 -57.1488 3.01254 -32.1064 -31.1745 -1.3184 -35.2557 53.7825 -35.2447 40.0546 46.1182 -53.6899 -54.556 20.7777 17.709 32.0844 -22.9357 4.09046 3.44285 -1.40623 4.65712 -67.317 15.9043 1.66146 3.29905 -20.9026 83.9868 -51.6326 3.97406 0.229102 18.0662
15.183 6.25105 2.40114 45.3413 -63.4681 42.2521 -48.505 -6.36329 -4.68044 31.725 -5.38334 -58.8397 11.5705 2.7886 -37.1639 48.0953 -58.1443 48.3801 7.49129 34.9782 -7.22001 43.5061 -25.8233 -20.2535 15.6175 -8.92428 41.3066 29.6745 -21.5143 52.8633 -4.28602 -68.57 -87.7729 -12.9014 63.0835 19.3472 -29.1842 -23.6139 -37.0441 41.2576 -1.01819 41.3537 11.0566 -37.148 54.5872 15.5703 3.21 23.4812 -47.099 -79.3197 -14.3696 -8.71682 -13.8358 37.3824 -1.95276 -24.9717 -1.15482 12.5309 7.17502 21.5058 61.531 21.8622 -26.9179 3.85714 -48.3333 -54.0651 -1.58171 -20.0158 8.48494 33.5943 20.6321
11.5024 -35.1244 -4.36793 26.3004 -44.8134 -42.7119 24.8958 29.746 -20.0314 -6.9671 10.2794 -1.07477 4.88849 -15.4701 4.59975 34.3371 47.2335 -35.471 -11.2114 47.1543 -18.8108 67.5302 62.0308 10.5766 26.3879 45.0889 65.8687 76.32 -7.9931 24.3376 -36.1113 -25.4619 -39.2092 -6.1225 -73.6766 -7.77993 -31.2019 4.0741 48.2633 -16.2401 50.0432 6.28391 -5.4319 23.1138 42.3302 -8.31507 13.5737 -33.3638 -68.5178 5.95532 4.93847 -95.6279 35.5853 -0.119388 10.8518 68.5777 6.94812 -2.39308 6.54561 23.7446 -34.142 -14.8735 0.855922 11.4378 -7.38401 -27.5264 1.23515 66.9967 -15.0963 72.6168 50.1516
-16.7722 -14.7843 9.08579 12.3132 -44.1917 19.5469 0.471816 41.1183 8.52382 -6.19739 19.5838 -13.1609 -17.8655 0.867946 23.0455 23.6335 -13.2041 -40.9051 11.617 13.8795 -20.9329 54.5714 31.8795 -14.0754 -44.6225 -27.5027 -8.55861 7.42405 46.604 10.0162 -22.1381 31.1465 70.0812 -2.58296 -14.9419 -81.4877 -26.4982 -2.38603 7.6643 3.48909 0 -7.26392 3.93475 8.59432 -20.8136 30.316 -19.8512 48.1726 -16.22 2.17231 -18.3999 0.184454 59.0945 -24.8106 -17.3068 40.4765 -39.8607 12.5136 31.6754 -37.3226 -26.9966 61.6338 -20.1154 24.8827 -25.2968 -36.5518 -35.4848 -20.8274 21.264 -9.95099 -4.81582
-27.9994 37.273 84.0738 -2.1586 70.597 31.0156 -53.2419 82.7529 2.47899 20.8733 0.739616 -3.86941 -0.781182 18.2849 -14.7597 56.1835 15.8585 -7.3542 12.9121 -12.9461 -0 11.7844 25.5922 -28.2469 3.85723 -6.90255 28.371 74.0608 52.6558 -11.8308 -3.31852 6.41774 -22.0587 46.4984 -4.89511 59.2895 -61.0981 11.1487 -36.9518 15.4436 28.3965 27.7595 62.0067 -49.4109 -5.26582 35.1085 -18.1588 15.5302 -83.3969 49.7928 28.2137 18.2759 -17.9678 21.2601 -13.5759 -31.8394 54.9022 78.1152 -36.6688 4.30586 -36.5672 -0.760186 19.3042 -13.9933 -4.28089 -37.0688 -15.4563 -31.6475 -42.3569 42.6154 -2.49428
-42.9762 0.652608 -31.6006 2.6119 44.0165 -8.65029 0.920682 16.8288 -46.6691 -14.3193 26.4893 26.8999 -19.4493 -20.1155 -10.3132 76.0914 -6.71749 36.9925 27.8843 -24.2998 -69.3562 1.66973 0.617389 -15.7042 30.1249 57.7723 72.7923 -2.4341 30.7434 59.4447 -3.30796 -45.8041 -0 5.84735 -2.12152 -22.0132 -82.4929 -29.3963 9.89789 15.1495 15.6044 1.77416 -24.7266 48.2593 42.5535 -22.661 5.23576 38.6649 37.5257 -5.59349 -19.9309 -68.6599 -8.56667 20.4781 -67.4749 -1.43623 35.1903 1.3372 -12.6576 -5.68834 38.2797 50.9223 -0.0273751 3.20215 -62.5601 -1.45366 40.0568 45.7919 -17.1745 -19.0729 -40.8802
27.8983 -58.076 1.27821 -8.98666 33.1429 12.4862 -57.3873 -42.5728 -0.380688 65.9859 -3.52901 -15.5525 46.9857 35.0867 -7.85009 -2.30128 -15.4341 -7.26496 -32.0694 0.982818 8.21253 36.7342 -39.3587 38.2662 9.52388 0.910001 -0.599994 50.4764 54.0483 -12.6491 -5.69985 18.7562 -18.8209 0.099704 -15.4057 -15.7992 6.65432 31.4838 -41.5347 -15.5156 27.8214 -8.37733 -54.5576 4.11606 -4.519 13.4568 10.2578 3.84533 23.2712 12.5592 53.6559 0.947905 24.7581 -71.807 -11.871 -11.9773 -16.0171 45.5665 -6.75848 17.2506 7.12229 27.6012 -24.5759 69.389 24.6442 11.6879 -41.0413 -42.5294 -82.0919 20.3751 -10.4071
-16.6458 -20.1737 1.81466 0.275674 13.8176 58.2664 -5.44945 -10.1773 -61.8929 -13.9895 -54.0154 -14.6479 2.47154 -40.1314 -5.14786 0.727866 -26.606 -51.0028 -4.09095 66.2696 -0.97589 -2.36915 -35.2748 0.495132 -68.5304 51.3883 -41.8422 -8.76479 -23.5885 -0.622944 44.2477 -6.93551 -38.669 14.6641 28.513 3.77914 -20.7401 0.34376 -5.20905 -57.061 -36.2038 -42.6154 17.8611 -2.05304 -27.7668 -38.792 6.49953 38.3964 -6.40254 -11.753 -45.6564 -13.6553 -2.34956 59.0545 49.0716 14.2703 61.3228 25.4134 29.4036 -7.11924 -18.0835 -5.78283 8.44948 41.7981 3.6285 58.9518 55.079 -29.4418 -72.2631 1.01566 -15.5683
23.9898 12.0563 12.5871 14.0466 8.03858 53.0238 2.89718 38.6624 9.16123 -18.3059 -0.247291 -16.8361 -16.7949 -3.52037 -12.3925 -10.2298 39.8816 28.7601 -59.6782 -0.229011 -14.3478 41.7862 17.5022 -16.9803 48.5221 50.0488 63.9413 16.5333 13.0763 75.1771 -55.6496 20.5405 -14.3684 32.8196 -1.78509 -40.9169 -48.8098 -13.3123 -20.6061 -5.24174 83.4289 27.4901 -27.8041 -39.9393 53.427 6.91134 -2.02554 8.34669 8.43629 -1.79229 5.97903 84.5381 -1.68773 98.5226 4.98306 -1.42882 -13.9831 38.3588 -26.7332 37.7043 42.3207 55.5289 44.597 11.4679 9.35331 42.9959 -27.3842 -35.4781 33.5051 10.6901 -21.3405
-6.52791 -8.49974 -8.83465 -89.7308 -30.5165 -31.3623 24.1433 23.6427 0.917539 -12.2343 -40.6731 20.567 30.8701 -6.76482 -0.431654 -35.8539 33.5506 -2.34672 -18.1696 0.924802 6.83068 -18.3616 -22.306 6.08936 -36.9687 -24.9168 -19.8974 -76.9686 -62.0341 -50.0199 1.50267 -9.48698 6.45088 6.13095 32.4693 1.05472 13.6685 -6.19538 0 -10.9942 32.9852 -19.3607 -15.277 -59.4514 -9.5667 -0.111454 -59.6689 46.1388 -38.9713 50.4136 -8.1142 -26.386 16.7477 44.8641 16.3814 71.0243 0.565691 27.1502 57.385 20.7921 -57.1341 0.463454 24.2305 -22.4922 -20.3386 -4.59731 25.5809 90.2733 23.6257 2.06714 33.6482
44.6923 16.0229 8.43153 0.0376598 8.78323 -73.3689 -50.0052 -40.3906 12.5211 10.849 44.2185 -94.9884 12.3343 -45.3969 -68.4743 0.0701926 60.9897 -19.1329 -11.0853 -12.8427 -13.7025 -70.0231 0.418287 67.2217 4.60219 -0 3.10862 -10.9753 -52.4042 5.94928 -1.01352 -48.1922 -61.457 44.8362 -0.00451674 6.90988 13.8552 -3.03073 -13.1794 11.3126 -21.7048 5.97674 -61.89 43.7585 8.94479 -3.2132 7.25861 2.28825 -5.19669 9.79717 31.7087 1.45418 -2.1977 25.8699 -58.8955 -10.8097 -0.59975 35.1307 7.71978 52.0683 -54.2237 1.40272 5.95218 15.9285 56.3158 17.5063 11.4466 35.4405 90.281 -3.89752 -0
-6.33277 -5.2869 -7.50435 -1.79101 1.12015 -59.0326 33.3976 -1.46596 30.8725 42.8973 -17.282 -15.8935 -38.382 78.6964 -8.17982 80.4771 9.92749 -37.6028 0.717826 -80.5908 4.72628 -8.42347 0 -13.9354 -16.0499 20.3893 -76.4439 15.4587 -9.26487 -17.043 -8.30415 6.14338 24.7636 -13.2938 -6.89718 -75.2844 56.447 15.3799 1.46461 3.30644 0.0234382 71.597 -68.3217 -52.4625 7.66222 -85.727 24.6409 3.4796 -6.76913 -8.29304 14.9364 9.35545 -47.9625 -68.8859 -46.687 -13.5367 -10.3545 -32.9765 -45.1095 -4.61855 -5.4796 0.534043 19.6368 3.71105 -12.1875 -3.7907 -45.1281 -81.5104 -0.921201 0.79284 12.0139
-19.4538 -57.9811 27.0611 -14.0657 3.28925 -43.2106 -22.1841 -40.4324 -34.5573 -0.963805 10.9026 2.63753 -14.0437 -60.4234 3.57103 -6.03925 9.34416 -15.4087 -22.3254 56.7257 36.0244 -49.8873 64.2764 24.5841 -6.77023 -4.32173 11.1545 -24.5896 35.4805 -25.641 60.4129 -0 -30.8615 1.7915 -39.0527 -21.071 30.385 9.93497 -30.2438 -34.2147 20.3123 -18.3027 -29.631 12.0904 -3.89221 -7.72814 3.54237 -28.751 -29.7423 -48.814 59.1034 -1.00665 -45.9633 46.2172 -23.8342 7.88012 -32.9102 -17.2735 -6.04495 17.1271 -21.4765 -45.3635 -23.8479 -0.964873 25.9349 75.4215 0.369762 -60.9906 -41.3454 -4.68862 18.0532
39.4504 11.2588 -30.4177 59.3826 -31.9551 10.1487 47.2826 52.2462 -15.9712 8.86959 -19.36 -6.49574 14.215 24.7538 9.17786 11.4891 1.89319 80.2469 -5.68419 -34.0793 60.4436 82.9555 8.02332 -2.77102 11.8116 -14.3303 -20.6366 33.7703 -0.273385 -4.21476 6.75838 -10.9418 44.3625 0 -22.2864 12.8613 -7.85714 27.6644 -61.0767 -16.7847 -13.4461 5.79724 22.2611 29.4786 2.84982 -75.8932 2.90066 -55.1059 30.9714 33.4981 2.29627 -47.2743 -15.0425 -1.4637 5.20621 -18.6028 4.29701 -15.2699 -17.6716 25.0945 14.4147 21.7774 28.3656 -68.4694 -84.2778 -11.453 17.2809 7.50331 18.8993 -22.4024 -74.8212
27.2476 7.40208 -13.7547 -30.277 -13.6323 20.4382 48.6055 -6.23493 6.79101 -0.339396 -49.1946 -4.57476 -49.1317 50.7255 -80.0375 -22.4787 -16.8877 20.1928 0.503067 15.2105 31.0897 84.6239 4.57533 51.7505 13.2073 71.176 -24.3135 -4.25929 -70.1436 -1.08939 1.60936 28.6863 7.74041 5.27274 -1.24589 -7.63555 3.16556 -6.219 46.1421 -5.91879 29.4859 -25.6334 15.5856 4.82315 30.4161 -3.26212 -74.0438 10.5948 -7.99207 21.8287 2.69903 0.702383 -58.9451 -12.0419 -24.8465 -6.10178 -4.17331 -47.9124 -64.9326 -0 25.6867 -3.20963 -6.7861 16.2764 1.4239 -2.16956 16.9666 -6.37666 43.5502 -60.0241 38.9243
-3.26334 14.6759 -3.73232 -0.812403 18.9565 7.04294 1.21711 -17.2459 44.0404 43.0225 38.338 -3.61675 -18.5894 34.7069 0.656026 15.3363 -31.4988 37.7188 0 -6.52608 -2.69366 15.6975 55.9558 -1.88476 39.5535 -28.6749 12.2142 10.468 -26.307 -12.8917 2.68838 2.54396 -18.4742 30.018 -0.895108 64.4924 4.99124 -17.6764 7.05448 78.9792 -43.1656 -17.987 -0.642628 -14.8736 21.6473 1.73699 13.4574 -53.2399 -9.36344 21.4789 62.4396 -81.4881 -46.8833 29.6655 37.431 -20.5994 -26.2073 -15.8613 1.48936 17.894 -1.91424 24.4614 7.86691 -3.73968 4.5414 7.3213 -1.26301 -23.2868 63.1092 22.7259 4.82058
76.7342 56.0386 -21.3044 17.0008 -91.2318 11.7832 11.3497 -9.25431 43.4186 -41.168 -0.715293 2.85574 -6.6093 -28.6529 63.5464 -29.3345 -37.6689 72.2512 -1.15903 10.9629 -24.1196 61.8432 -2.93271 -1.26569 -29.0347 -30.4285 -71.8184 22.02 8.01538 -69.4736 60.1578 1.97485 -8.44133 9.18961 -22.6533 -19.7375 -32.2324 41.9617 29.5033 -16.8572 -10.1194 16.5835 11.1118 72.1727 -6.90374 60.4506 -57.9306 -17.0414 -24.9363 -21.3383 1.00504 77.655 -13.1422 -14.0733 -32.0708 -0.945158 28.3415 85.2352 -5.72375 0 -16.9497 14.9757 25.8062 48.8437 -79.3852 68.4568 -16.5472 3.91263 39.8373 53.7955 1.88061
-28.0518 23.674 -0.380261 19.8327 27.0957 -55.793 -8.98343 -13.248 -27.4954 -6.16422 3.97864 -56.6238 37.7033 -28.762 1.28636 -35.2373 54.3749 0.427808 12.0878 -69.9716 -50.6482 16.2247 -7.92505 -23.5609 21.0243 20.5004 4.90332 -7.91577 -9.26505 67.2851 -2.07529 -0.972991 -32.8855 -12.7404 52.7836 -6.98825 -37.3986 -45.4469 4.03961 37.701 62.7627 -8.6559 -8.09503 -15.2982 18.8863 -45.2456 7.39616 50.4059 -12.9185 -5.51708 -1.66875 -62.8006 12.1073 -13.1245 0.585498 -0.280679 24.5282 3.24357 6.69686 16.7997 -17.7708 30.648 -15.8351 -2.3281 -4.12479 13.2937 11.1759 59.2822 -7.02258 -29.0483 19.8454
-13.6677 27.0431 -11.1313 2.48439 -24.0901 4.51827 -10.5518 1.51827 -32.5474 -29.4573 1.6097 43.6149 -33.4834 -3.33995 -10.6668 2.13929 3.73699 -46.5807 -27.2152 67.7236 19.9824 -14.5924 1.35047 -9.84503 -23.8643 -0.504288 15.824 -3.93597 -6.87957 2.81927 18.8307 70.1564 -33.3561 -85.7769 -61.3723 -2.52004 7.52129 -37.9744 -65.2409 19.4304 -4.11606 94.3713 -17.0737 35.6935 4.79955 27.1267 1.03207 23.5202 -15.1047 16.5665 0.12067 41.4228 12.1373 7.20078 -70.8293 13.3783 2.85794 15.1156 70.5694 5.06595 -34.9712 -48.2612 10.5075 8.88958 -48.8519 59.1288 28.9964 -8.52998 72.3191 0.117801 -20.5973
-1.99249 -14.8802 9.28648 -13.404 -14.1293 -0.946989 2.047 -44.452 -40.7413 7.78463 -3.50957 -1.80319 10.0281 -82.5408 -47.5356 -49.0956 75.4662 -93.2582 -19.7554 37.2777 11.5804 10.4982 36.0607 -8.03095 -68.5557 36.2642 -31.8306 11.9584 -14.8447 1.3856 0.552904 1.98132 1.44353 -14.7477 27.3981 -25.7195 10.4266 1.74688 40.719 -42.1097 -32.3937 30.0156 11.1759 52.8304 -3.0361 3.10154 32.7378 -63.7757 17.7607 -12.8889 42.3376 -22.2007 -5.26832 -5.51347 -9.48259 -68.1599 21.969 5.14847 5.59343 -66.7219 6.71065 20.5766 7.02011 57.5286 -34.9268 27.2455 60.3693 -19.6873 12.7783 -2.30683 7.67794
0.996735 9.73852 18.69 -58.9691 -7.10202 52.5017 2.95651 -24.8085 -63.1308 20.9677 -7.96002 -14.8872 -13.9593 21.923 -40.2071 -5.40956 69.3374 -9.45912 -2.59816 26.1666 -24.2055 52.0672 -28.3336 4.89761 19.3982 -44.4268 -4.83551 1.90851 -68.5576 -18.464 -18.4543 58.9365 14.7295 33.4198 -38.5656 -20.5517 79.2221 21.4651 -38.6494 14.446 14.2758 -78.5849 -22.2431 15.634 1.85656 27.6719 -66.5949 8.02649 7.96496 6.95474 -0.300913 -50.2669 3.90152 6.96005 -5.5197 1.52898 -4.36189 23.0765 -68.3008 -23.4216 -0.0731834 20.3187 23.0188 57.1664 14.1398 10.2759 67.9994 -16.2779 -5.72707 -26.5623 67.1763
-0.77456 58.0126 2.83804 7.17063 12.1458 30.165 -35.6614 16.1338 -26.212 -4.23414 49.0104 -4.10932 -13.8261 60.0742 3.42448 5.90149 40.3738 -59.3719 -12.631 -5.39116 -11.9419 -52.8686 2.48909 -46.0731 6.36393 -10.1703 78.1192 -0.0352794 61.6663 71.666 -29.1806 -22.9524 -5.7123 -26.8077 -23.1662 13.8051 20.0656 3.09824 -18.9719 14.1982 10.574 1.51488 8.84198 -45.5564 -0.341227 -1.82781 -24.9699 35.5242 -4.9913 59.9847 -65.9739 52.2019 1.39586 97.7069 -26.4508 -5.07193 -14.4563 -31.932 7.54405 -6.10675 -0.887722 2.31938 -17.8986 13.4667 -8.12806 -9.6017 -13.1932 23.8062 -67.0425 27.0863 -44.4191
25.018 -49.9908 68.4728 -6.61632 -9.31339 -23.9473 45.4057 36.1736 13.995 70.1218 16.4314 9.37291 -24.8955 -1.20072 -7.11753 -2.61794 -58.0897 40.7708 -51.9222 -13.1877 1.8891 -53.5553 16.5626 39.7851 35.2604 49.9432 35.3229 -1.02115 67.945 70.7893 -0.177435 22.0342 21.8923 -48.2223 -22.737 73.6421 -13.2113 1.83404 -9.22623 -21.2356 34.3829 -1.49541 -11.8173 -84.6386 85.4552 11.3199 1.50572 -7.86554 6.79366 -54.143 -3.77319 -7.39769 -4.38734 -19.953 54.7331 -75.0634 21.9181 24.7229 24.9109 -33.5784 -0 52.3427 15.2165 -81.7159 6.69271 25.3017 6.85195 -55.2532 81.8171 0.957518 -8.12647
-35.8824 15.5473 1.01517 -37.2558 70.2399 8.36561 29.5578 30.0312 12.3441 7.802 38.6936 -35.2317 -7.97632 24.1995 23.0446 -34.5214 21.4031 -1.96759 -8.45329 -37.0476 24.0889 19.6069 35.5246 -12.7863 -26.4669 -3.40303 9.70476 -27.3745 15.4931 31.4173 -26.2432 -4.79598 0.0170293 14.2725 17.7103 7.09763 38.8778 -3.26231 -15.1475 -17.9868 -73.8912 11.1965 31.531 -9.67376 14.9969 15.5166 -42.1237 -15.7263 -79.3692 11.5258 21.1023 17.5924 -11.2679 -27.8271 -54.8831 -9.01822 11.2355 12.1854 6.29804 27.8543 77.2399 12.7006 9.61077 -10.6321 -14.2149 -15.998 -16.9585 -50.7001 87.9479 -37.8295 -43.2848
-40.8236 -28.9162 62.3102 -56.9744 -2.09772 4.41298 0.45674 33.0121 17.3674 55.2821 -26.4817 -16.6051 -6.88806 18.5655 -13.707 44.242 -9.47099 11.9526 -0.711509 -15.6203 -18.8861 2.87484 40.3461 -93.7441 -0.3296 -11.7504 -14.8173 -28.5946 57.8585 -37.9363 -19.4143 -35.3946 15.3736 13.9498 -15.787 -18.6547 -22.9182 65.5741 53.274 -8.79943 38.2622 -56.5365 15.2138 7.54418 6.23286 -6.23603 3.69778 -10.8771 38.2336 0.477615 3.40092 10.1232 -1.27702 2.90432 -42.9273 -16.9702 -70.1126 24.6698 19.8826 4.21339 -5.50035 -64.4061 29.74 -19.1228 0 70.8054 -2.17975 -65.1299 -43.3836 -6.87762 -38.9188
-0.80871 -16.3141 23.5552 1.73132 0.771996 -18.2723 -78.1873 -7.12455 13.9767 -47.0199 -22.0363 38.1091 -4.48219 1.53447 -28.7765 54.8064 76.9058 -26.0462 -9.40715 11.2925 -0 0.617847 26.5998 59.7161 -1.36973 27.9948 18.2509 -4.84298 -63.9456 4.26939 28.329 -11.9519 7.21632 10.0176 -11.6388 -36.9171 -31.6434 52.9774 -4.41679 23.4899 11.3259 20.4928 46.05 4.25202 33.9632 -9.89517 9.44939 24.9042 48.3428 5.08924 -8.1869 14.5207 -27.2275 -36.4949 0.333995 -8.10623 41.222 3.82482 -57.6229 29.2069 -0.731529 8.7716 -5.40538 -26.4697 27.0056 -26.9515 16.4785 43.3733 11.9395 -0 31.5991
4.75845 -17.2179 17.8851 -25.9365 5.16895 -22.9944 -10.6452 -8.81668 34.0411 3.86889 79.5576 1.71972 45.7514 0.612812 8.32652 -6.31733 3.605 -0.437635 -10.4382 -7.61766 2.75283 17.1801 2.00003 41.3915 -14.8702 14.2405 -2.31257 -30.6117 6.57378 -36.1151 4.7232 -39.5773 26.2518 -5.98181 -11.5268 3.42149 -6.7073 24.1472 12.9005 -92.9999 -47.0251 0.621723 -41.1138 -6.09516 -6.5016 21.9703 -31.0944 -32.6402 -34.2082 -20.7277 13.5014 -4.46742 4.17246 -65.7252 -23.7897 16.2466 23.9807 7.75903 -10.296 -66.3744 14.0632 31.7288 -4.74462 9.06537 -1.07944 -4.48671 -75.9678 16.1757 2.58956 9.71084 24.9935
-8.88992 4.44227 22.1533 -6.64803 -0.601276 -27.5199 -30.4223 -6.70269 -3.9404 -4.81851 -37.2465 -3.66558 36.5043 24.0339 23.5057 -28.4577 95.0602 -36.5568 -41.41 -4.15632 -5.7011 -32.4294 6.84497 -59.6327 -55.6843 8.13111 -43.7065 11.4226 21.6906 3.53917 -86.6646 -3.20811 -41.9176 -51.0346 -63.7773 2.97617 0 -41.8666 36.2275 4.87295 19.4589 10.9354 47.347 22.6859 9.41716 -8.00626 -32.9231 31.5397 43.7623 -53.4702 -49.4037 -1.45445 69.6496 -3.73077 -23.451 16.7943 -17.6456 -8.84603 -55.5667 1.26005 -5.46861 9.7817 -1.29032 -71.8794 -42.7402 -10.1566 -41.2258 37.5638 22.5119 7.26264 1.87231
-33.5032 -12.4459 43.1703 -1.7774 -37.0634 24.9093 -34.8231 25.8022 -1.53056 -38.0415 -12.9622 41.1997 -22.5935 10.6588 -22.7548 4.24104 -12.589 -59.1229 -8.94681 0.56444 -24.406 -16.197 36.1397 20.7208 72.5383 17.2077 -40.8582 1.16758 -79.3296 54.8532 -27.7222 -50.8461 -30.4316 32.5161 -18.0775 -4.67635 3.98279 -9.78295 -18.1048 -1.38432 -32.2255 58.5138 4.9414 -3.9378 -10.1527 -10.4274 -6.54018 -19.2714 -10.2982 -58.1307 9.20145 -10.004 -11.2758 -54.8622 24.9626 -45.4264 49.3134 -14.5354 8.40333 -10.0828 -34.9211 -9.46074 -22.9994 -43.0008 21.0454 -50.849 -3.31385 -68.8526 29.6049 -1.4951 5.05618
-87.9211 1.0379 -27.2629 82.2658 1.15592 30.0098 7.37754 -17.2408 0 5.12564 28.5394 -46.8669 24.9694 11.7219 46.2856 -0.955748 -13.1126 78.5966 -11.7779 -1.55364 0.137577 46.0251 22.2109 -27.242 28.5943 0 -33.0067 -41.4452 -1.49831 4.48469 26.151 -41.7783 -11.3896 -21.3664 -30.8159 10.2232 -18.3941 56.8815 17.8601 22.4754 69.9395 20.9015 -8.38557 3.67141 -26.0994 -70.3 19.0972 -13.5379 -40.5665 44.5158 -83.9738 -76.5424 2.32038 -0 -26.9152 43.964 8.41908 36.1692 -22.8366 9.29289 -30.5696 9.76275 -21.6053 -10.6981 -3.22806 14.9601 -14.6373 6.51997 -5.62774 41.5501 32.4501
-0 -26.146 23.5936 32.5962 15.6296 1.83432 62.7731 -25.3343 -57.2243 84.6101 16.0218 -48.4691 -75.6711 -52.8726 23.7136 2.98233 3.22153 17.3313 -12.492 8.29933 -7.55608 -10.4596 -24.8548 -2.49336 -27.6573 -38.553 -8.04178 -2.83145 29.096 18.9464 10.1335 89.0634 -10.8559 -7.42671 -22.8814 46.4931 13.2168 39.0305 3.43077 4.88861 52.9385 -68.495 16.3825 -39.0319 25.8062 -40.5886 9.05814 -64.922 2.80548 -7.69909 -14.7582 36.5032 14.1303 9.75204 -24.4172 -3.55266 2.46742 6.50932 23.0491 13.3122 -14.4379 66.9937 -13.6467 -2.75607 -70.7231 -2.62239 -4.65096 -2.84072 5.92016 -82.9341 34.8177
16.29 -6.73409 -25.9944 10.4993 32.0022 -56.5921 -14.7143 15.1178 -17.6379 -10.7705 -1.37992 -49.7726 15.3523 3.34202 -20.9823 0.67336 38.8705 0.951994 1.27003 -15.4872 -0.678121 22.8543 29.0889 -7.72805 0.174963 -27.3141 -16.8861 -48.7691 18.9966 -33.3648 -19.7208 6.73128 10.0476 -8.75552 -37.3292 28.9576 -4.53108 28.9444 -0.544206 27.7594 23.4149 59.0959 2.46467 -53.2122 -7.84158 5.93692 19.3433 22.8014 56.8329 73.0129 -33.8971 14.456 1.02762 20.1818 -70.9331 21.2547 -30.3532 -35.7513 -40.6071 -38.6621 63.8091 -84.8171 -4.70473 51.5616 4.66729 -12.8776 36.9572 55.7035 2.82376 0.251656 3.05182
5.11869 87.8098 3.89709 -36.6161 -68.1258 -53.9449 -9.36155 -9.75842 -1.60433 -60.851 -6.87793 49.8017 -5.64605 -4.12366 48.7884 -28.4612 -0.452284 -22.8684 13.7333 0.732536 -30.2692 -8.05002 -1.93542 -37.261 -18.1785 -25.7 90.2388 63.8034 15.8787 9.9877 10.7472 1.47331 -36.2344 30.1538 15.1391 42.8829 -48.0154 -32.3714 26.3981 3.81927 53.0373 5.63533 28.185 -0.618427 -0 -8.48152 30.8506 64.5517 33.4394 45.2723 34.8748 3.51854 -30.1155 63.0453 -41.1774 17.2796 -21.7928 51.732 18.2114 -4.09241 -22.8394 37.2609 -13.5383 -1.85015 -16.0446 0.510514 -35.0899 -8.59175 -10.7041 -53.8401 -4.38295
38.6069 -58.0123 13.0342 6.64693 63.3533 12.1312 -10.2448 -5.34385 16.6811 46.4765 39.5685 20.7754 23.1526 -19.3377 19.776 41.6242 49.7751 -33.1696 -33.2863 56.795 23.4457 -1.68673 78.8168 7.94235 4.80233 -26.8905 -0.344432 -9.45073 -73.6511 -7.60772 -42.3961 -14.3536 -27.6133 -29.2685 -5.32047 4.92438 2.03665 -22.9665 8.93677 68.9394 -50.3922 -25.5239 18.2961 -6.64083 13.9067 -5.08332 -57.3037 -40.3999 -41.7438 -25.9494 -69.2819 -73.3597 -13.2508 0.0613422 -10.9336 -19.284 -52.6325 -7.52489 25.1297 -57.2698 34.9791 -46.3852 9.50053 0.177007 -30.0638 -11.0018 1.05033 -39.3853 21.2064 -57.8764 18.7963
